5553685224
5516564118
1739206386
6230611561
6047972781
6230611561
62306115615074474975
5074474975
6191863486
5945988584
-1001976993517
6573705572
1024558469
6058411033
1471313091
6563906773
5543238926
6223418489
5675511604
6103934030
5385164316
5869823067
5939513944
6678735224
6573705572
5945988584
5558501014
5844917020
5221310841
6319579484
5272811285
5173016128
6253479102
1157628019
2027448806
5527202810
944244072
5579729798
1652721339
2092103173
646031864
2130063529
1624920598
63195794846248438004
6248438004
6362710379
2051703784
6684734934
5465001197
5608243398
1770477348
5581633814
6299666773
5857990972
2086008101
6080450073
1310931640
1883516371
5981397861
5096100332
5885198097
5268749408
5933068343
6187553980
6430024913
1874103888
1384965351
1914969439
5684715930
5700264792
6112344147
5666646865
5284962613
5045411882
1204014683
5901925375
5395633548
5842637630
6106789808
5542030968
5335517758
1537870753
1505935358
5472475710
6332010306
6305144363
1753137498
5015200885
1873308981
723559736
5067921477
5920866687
1580460110
1255716182
6131298836
1873940030
6211384488
1501479747
6024928394
6541457906
1003240144
5738815322
5746513220
5595812425
6532259189
5992814779
5195204219
1020940204
1518068668
6322219080
1750167856
1313912483
2006293973
6469213153
6278696498
5115987924
1016996311
1548953206
322953438
1688469793
5696299308
1846156903
923955248
5177707784
1033781841
1943862663
5460612997
6398516554
1615566373
5481742415
5596248156
1755515071
15378707535508881777
5453254975
6404640263
804232315
5945804047
768762722
1853855955
6012658308
6199881014
1774076957
2103094266
1851949287
1164918935
6366493278
6408080330
6631240740
6564975523
6476918875
1985849603
1440138607
1076729053
5866739633
2028516577
1032851916
1857012370
5370173085
5181326616
5295792382
6248925928
6595711025
6090495440
5222353449
1560135304
6673118649
5654213679
5848350602
2075136011
5752605152
5420814616
5389157331
6544756026
1190442354
6271667194
5886352854
6421164902
5965909628
1333858111
1704308798
5519936815
1869449360
1338628
6257735179
6619649488
728963674
1452564109
5456193293
5237049924
1761536139
1141581647
6160845612
6308209086
6562506743
6460957100
5490071577
5038244335
6440102928
6671377076
5465478933
6445011715
5871101469
1096635213
536017722
5551823876
1531525304
6324348082
6570635156
5395552925
5900230453
6508062312
1454908241
6097362826
1091111564
5829724067
1039924357
6296742622
5489551225
5828410338
6192788899
6438690664
1799947826
5821520121
1314643983
733534219
1510608235
6340487360
1294654486
1516827643
6630391685
1892794121
785291451
2042370648
899558612
6180922839
1069981869
1037581589
5654633909
6262019167
6482640441
43806568
1335680508
775090402
5094195946
2079894360
1365589360
6515961910
6076446595
1163557396
6027638113
5007354893
6472110160
929088783
1511700458
1709315364
1058482162
6554855917
6178906008
6359442842
5566189649
6519460425
1071582382
5052324340
6127886736
6332841447
5947730275
1392450730
6614163892
5965357128
6495963704
871257147
6687276484
6425662009
5188350581
1431868723
5908000728
5046982216
6048643580
752184237
996649423
1850415945
6394421210
1466503099
6410451747
577341401
1870454105
54895512251875861111
1875861111
6431956087
1765923892
6134739945
1830619499
1602459804
984212375
6486250173
5774210043
6115212777
5105934770
5322347533994383066
5609930303
5207032121
994383066
812030139
6522495478
5445676871
1736039263
5227929164
6231668802
5621009690
5776241392
1936760798
5388188167
6603528621
5719170254
1360067649
6355626008
1886915777
6515711132
5678914449
5346294953
728156886
6412585434
1764351005
6578011412
6064705781
6244332054
1069182718
5236593165
5920874470
1688090791
1428876441
5346878701
5680568521
5937917228
5896683895
6270177510
1682038966
1456227347
6515983331
5311573752
6133902730
6540382154
